199
180
191
161
114
100
128
164
132
147
166
167
116
146
113
187
137
144
108
188
162
145
175
187
171
187
164
181
187
104
111
131
126
179
132
109
125
187
1000432
1000203
186
140
170
123
153
150
181
171
150
198
192
132
135
161
171
161
163
130
135
149
185
131
110
186
150
143
191
109
109
101
113
102
138
123
1000025
1000016
146
133
135
192
183
154
139
168
188
140
122
112
120
176
198
128
117
128
131
147
187
130
150
184
142
186
1000069
1000188
126
145
115
191
126
143
154
123
181
195
197
100
140
148
111
166
173
198
182
171
182
138
112
157
186
154
169
135
185
175
110
153
178
105
140
141
149
131
165
118
184
146
132
149
176
182
130
158
173
162
118
122
116
101
172
185
153
188
186
101
100
153
186
108
128
178
138
100
199
107
194
107
152
148
135
131
178
139
164
116
172
101
129
125
194
149
182
151
174
102
196
122
176
194
121
184
110
177